{
    "Precision50": 0.23070607534424786,
    "Recall50": 0.7205128186653518,
    "F1Score50": 0.34950211970194034,
    "mAP50": 0.44663735661609816,
    "mAP50:95": 0.24712357347603864
}